1
2
3
5
6
7
8
9
10
11
12
13
14
15
16
17
18
19
20
21
22
23
24
25
26
27
28
29
30
31
32
33
34
35
36
37
38
39
40
41
42
43
44
45
46
47
48
49
52
53
54
55
57
58
59
60
61
62
63
64
65
66
67
75
80
81
82
83
91
94
98
112
113
114
115
116
120
129
140
161
162
163
164
165
166
169
170
171
172
173
229
270
279
280
281
282
283
284
285
286
287
288
289
290
291
292
293
294
295
299
308
312
321
322
336
347
350
351
353
356
357
362
363
367
368
369
370
371
372
373
374
375
376
377
378
379
380
381
384
386
394
395
396
397
398
399
400
401
402
403
404
405
406
407
408
409
410
411
412
413
414
415
418
426
427
428
429
430
431
432
433
434
435
436
437
444
452
457
460
461
462
463
464
465
466
467
468
470
471
472
473
474
475
476
477
478
479
494
495
496
497
498
499
500
501
502
503
504
505
506
507
508
509
510
518
519
520
522
529
530
534
536
537
538
539
540
541
543
545
546
547
548
549
550
564
568
569
570
571
572
573
574
603
608
621
623
631
632
637
638
639
640
641
644
646
647
648
649
650
651
652
667
668
669
670
671
672
673
674
675
676
677
678
679
681
690
691
692
694
743
758
765
773
774
776
777
778
779
780
781
782
783
784
785
786
787
788
789
790
791
792
793
794
795
796
797
799
800
801
803
809
818
819
820
828
829
830
831
832
833
834
835
850
851
861
862
867
896
897
899
902
911
914
917
923
949
957
962
1023
1027
1028
1042
1050
1088
1089
1090
1092
1094
1095
1096
1115
1120
1125
1128
1129
1142
1143
1145
1146
1147
1148
1149
1150
1151
1152
1153
1155
1160
1161
1163
1165
1168
1173
1180
1181
1184
1260
1261
1262
1268
1269
1271
1272
1273
1274
1285
1286
1289
1295
1311
1314
1315
1319
1345
1346
1353
1354
